0.004648460,said
0.018884370,cock
0.007553748,more
0.043288786,little
0.004357931,hand
0.009877978,mouth
0.004067403,felt
0.009006392,pussy
0.001162115,did
0.003195816,hands
0.004357931,body
0.002614759,face
0.005229518,legs
0.003486345,still
0.007553748,hard
0.012783266,cunt
0.005229518,eyes
0.002033701,while
0.002905288,very
0.003486345,pulled
0.002033701,right
0.001743173,didnt
0.001452644,each
0.001162115,feel
0.001162115,started
0.003195816,long
0.005810575,lips
0.001452644,room
0.001452644,thought
0.001452644,let
0.000871586,came
0.002324230,both
0.001452644,slowly
0.002324230,through
0.000581058,until
0.002905288,much
0.001452644,really
0.001743173,knew
0.009877978,fuck
0.003486345,fingers
0.001743173,never
0.009877978,hot
0.002614759,made
0.001162115,put
0.000581058,turned
0.000290529,cum
0.001162115,oh
0.000290529,left
0.000290529,breasts
0.000581058,next
0.001452644,few
0.000871586,moved
0.000290529,hair
0.004648460,girl
0.002324230,girls
0.004067403,sure
0.003195816,yes
0.000581058,reached
0.000871586,love
0.000290529,front
0.001743173,nipples
0.001162115,own
0.001162115,man
0.004067403,big
0.000000000,finally
0.000581058,where
0.000290529,saw
0.002614759,open
0.001452644,ever
0.000290529,finger
0.000581058,side
0.001162115,under
0.000581058,last
0.004938989,deep
0.000290529,tell
0.002324230,night
0.005229518,hips
0.002324230,feeling
0.000581058,woman
0.000871586,sat
0.003195816,panties
0.000290529,stood
0.000000000,found
0.001743173,small
0.002905288,every
0.000290529,dick
0.000290529,gently
0.000871586,quickly
0.009587449,tight
0.001162115,sex
0.001162115,smiled
0.001743173,tits
0.001452644,moment
0.000000000,walked
0.000290529,continued
0.000871586,pushed
0.003776874,pleasure
0.001743173,enough
0.000871586,naked
0.000581058,home
0.002033701,watched
0.006391633,fucking
0.001162115,please
0.000000000,thing
0.000871586,slid
0.000290529,minutes
0.000871586,bit
0.001162115,spread
0.001162115,opened
0.001452644,mind
0.004938989,suck
0.003195816,thighs
0.001162115,why
0.000871586,tried
0.001452644,balls
0.000581058,kiss
0.000290529,knees
0.000290529,floor
0.003195816,sucking
0.000581058,chest
0.000581058,three
0.000000000,kissed
0.001162115,stop
0.000290529,move
0.001452644,clit
0.000581058,though
0.000000000,has
0.000581058,those
0.010168507,prick
0.001162115,gave
0.000000000,feet
0.004067403,sucked
0.001162115,full
0.000581058,making
0.000000000,things
0.000871586,end
0.000290529,later
0.000000000,penis
0.000871586,trying
0.000581058,kept
0.000290529,stopped
0.000581058,warm
0.000581058,watching
0.000000000,boy
0.000000000,mom
0.000000000,should
0.000290529,lay
0.000000000,ready
0.000581058,bottom
0.000000000,must
0.000871586,close
0.002033701,fucked
0.000290529,place
0.000581058,voice
0.000000000,black
0.000871586,suddenly
0.000871586,large
0.000000000,since
0.000290529,having
0.000290529,keep
0.000581058,white
0.000581058,nice
0.001452644,pretty
0.000000000,house
0.000871586,old
0.000290529,table
0.002324230,grabbed
0.001743173,pants
0.000581058,pain
0.004648460,wide
0.000000000,boys
0.000581058,ran
0.000581058,find
0.001452644,quite
0.000290529,show
0.000581058,need
0.000290529,great
0.000290529,turn
0.000290529,might
0.000000000,skirt
0.000000000,neck
0.000290529,hole
0.003776874,part
0.001162115,hold
0.002033701,crotch
0.000290529,coming
0.000290529,water
0.002033701,closed
0.000581058,several
0.001452644,yet
0.002324230,life
0.005229518,moaned
0.001162115,licked
0.000000000,guys
0.000290529,brought
0.000871586,moving
0.000581058,second
0.000290529,rest
0.000290529,slightly
0.000581058,taking
0.000000000,debbie
0.000871586,red
0.001162115,pulling
0.000871586,skin
0.000290529,maybe
0.001743173,dress
0.000871586,completely
0.000000000,school
0.000290529,standing
0.000871586,throat
0.000871586,thick
0.000871586,breath
0.000871586,harder
0.000871586,pressed
0.000000000,position
0.001162115,lot
0.000871586,far
0.000000000,women
0.000000000,rubbed
0.000290529,nipple
0.000290529,couple
0.001162115,rubbing
0.000000000,licking
0.000581058,such
0.001162115,real
0.000581058,holding
0.006101104,baby
0.000290529,leaned
0.000581058,pull
0.000581058,realized
0.002033701,lick
0.000000000,decided
0.000581058,smile
0.000000000,mary
0.000000000,light
0.001743173,shaft
0.000000000,cindy
0.000581058,else
0.000000000,try
0.000000000,watch
0.000000000,guy
0.002033701,tip
0.000581058,replied
0.000000000,start
0.001162115,high
0.000581058,short
0.001162115,half
0.000000000,john
0.000000000,sue
0.000000000,sitting
0.000000000,morning
0.000290529,many
0.000000000,people
0.000000000,finished
0.001162115,waist
0.000000000,slipped
0.000290529,course
0.001452644,cheeks
0.000000000,susan
0.001743173,okay
0.000290529,running
0.000000000,leave
0.000000000,car
0.000290529,guess
0.000000000,lisa
0.000290529,whispered
0.000000000,hurt
0.000290529,kind
0.000290529,bra
0.000290529,fell
0.000000000,friends
0.000290529,wait
0.000290529,placed
0.002905288,pink
0.000581058,mine
0.000871586,shoulders
0.000290529,dark
0.000581058,stand
0.000000000,shirt
0.001743173,filled
0.000871586,laughed
0.002614759,thrust
0.000000000,everything
0.000871586,flesh
0.000000000,play
0.001743173,lifted
0.001743173,firm
0.000000000,called
0.000000000,linda
0.000290529,covered
0.002324230,excited
0.001162115,huge
0.002614759,yeah
0.000290529,least
0.000290529,sexual
0.000000000,sister
0.000000000,returned
0.000581058,longer
0.000000000,stroke
0.000000000,waiting
0.000000000,leg
0.000581058,may
0.002033701,gasped
0.000000000,shot
0.000290529,breast
0.000000000,set
0.000000000,shower
0.001452644,taste
0.000290529,stomach
0.000000000,remember
0.000871586,opening
0.000000000,closer
0.000290529,wife
0.000000000,caught
0.000000000,friend
0.000000000,dressed
0.000000000,ok
0.000871586,juices
0.000000000,chair
0.000000000,shorts
0.000290529,sliding
0.000290529,four
0.000290529,free
0.000000000,daddy
0.004067403,sexy
0.000000000,paul
0.000290529,length
0.000581058,story
0.000000000,talk
0.000581058,lets
0.000581058,wont
0.002033701,slit
0.000000000,removed
0.000000000,karen
0.000000000,bathroom
0.000290529,rolled
0.000000000,happened
0.002033701,sweet
0.000581058,loved
0.000290529,wonderful
0.001743173,giving
0.000290529,point
0.000000000,kissing
0.000581058,stroking
0.000871586,pushing
0.000290529,edge
0.000290529,raised
0.000000000,control
0.000581058,dropped
0.000290529,needed
0.000581058,fact
0.003195816,tightly
0.000000000,faster
0.000000000,picked
0.000000000,mark
0.000581058,probably
0.000290529,call
0.001162115,wrapped
0.000290529,fun
0.000000000,miss
0.000000000,carol
0.001162115,sight
0.001162115,moan
0.006391633,tiny
0.000000000,bad
0.000581058,followed
0.000290529,laid
0.001452644,deeper
0.000000000,dildo
0.000581058,wondered
0.000581058,stroked
0.001452644,straight
0.000000000,mike
0.000000000,minute
0.000000000,sit
0.000000000,blouse
0.000000000,talking
0.000290529,shoulder
0.000581058,different
0.000290529,stepped
0.000000000,leaving
0.000581058,lightly
0.001162115,erect
0.000581058,letting
0.000000000,hours
0.000000000,slow
0.000000000,foot
0.000000000,pair
0.000000000,words
0.000290529,load
0.000000000,jeans
0.004938989,honey
0.000000000,dave
0.000871586,care
0.002033701,stared
0.001162115,smooth
0.000000000,pee
0.000871586,vagina
0.000000000,bob
0.000000000,lost
0.003486345,couch
0.000581058,muscles
0.000290529,stay
0.000000000,squeezed
0.000000000,kim
0.000581058,breathing
0.001162115,hit
0.001743173,throbbing
0.000581058,slide
0.000000000,julie
0.000290529,enjoy
0.000000000,bare
0.000000000,cried
0.000290529,slave
0.002905288,horny
0.000871586,climax
0.000000000,bill
0.000000000,husband
0.000000000,dinner
0.000000000,playing
0.000290529,five
0.000000000,fast
0.000000000,sleep
0.001162115,feels
0.000000000,rub
0.000000000,surprised
0.000000000,past
0.000290529,juice
0.000000000,entire
0.000290529,lower
0.000000000,clean
0.000581058,strokes
0.000000000,blonde
0.000000000,ground
0.000290529,stuff
0.000290529,name
0.000290529,shook
0.000000000,tied
0.000000000,view
0.000000000,reach
0.000290529,stiff
0.000000000,clitoris
0.000871586,stretched
0.000000000,kelly
0.000000000,late
0.000000000,entered
0.000000000,pool
0.000000000,mistress
0.000290529,enjoyed
0.000000000,sensation
0.000290529,hour
0.000000000,lowered
0.000000000,jack
0.000000000,wall
0.001162115,seconds
0.000000000,janet
0.000000000,during
0.000000000,thin
0.000000000,sperm
0.000871586,perfect
0.000290529,excitement
0.000000000,lovely
0.000581058,fully
0.000581058,shit
0.001162115,moaning
0.000000000,tina
0.000000000,led
0.000000000,jim
0.000581058,ten
0.001743173,swollen
0.000290529,exposed
0.000000000,eat
0.000290529,run
0.000290529,living
0.000000000,master
0.000000000,understand
0.001452644,staring
0.000000000,blue
0.000000000,parents
0.000000000,push
0.000000000,desk
0.000290529,enjoying
0.000290529,nearly
0.000000000,dad
0.000290529,groaned
0.000290529,quick
0.000290529,deeply
0.000000000,moments
0.000000000,middle
0.000290529,surprise
0.000000000,walk
0.000581058,screamed
0.000000000,job
0.000000000,showed
0.001162115,pressing
0.000000000,jeff
0.000871586,bring
0.000581058,sensitive
0.000871586,drove
0.000871586,older
0.000000000,world
0.000000000,seat
0.000581058,pumping
0.000871586,buried
0.001162115,brown
0.000290529,near
0.000000000,read
0.000871586,pubic
0.000000000,strong
0.000000000,mirror
0.000000000,lap
0.000000000,happy
0.000581058,pressure
0.000000000,kitchen
0.000000000,special
0.000581058,sisters
0.000000000,chance
0.000000000,thigh
0.000581058,bitch
0.000000000,wrong
0.000000000,drop
0.000290529,turning
0.000000000,drew
0.000581058,erection
0.000000000,spent
0.000000000,mrs
0.000000000,gentle
0.000290529,cumming
0.000290529,strange
0.000000000,ear
0.000000000,carefully
0.000290529,word
0.000000000,cut
0.000000000,happen
0.000871586,passion
0.000871586,matter
0.000290529,crack
0.000871586,round
0.000000000,passed
0.000000000,waited
0.000000000,starting
0.000000000,jennifer
0.001743173,lust
0.000000000,party
0.000000000,managed
0.001162115,obviously
0.000000000,billy
0.000000000,cry
0.000000000,possible
0.000000000,dripping
0.000000000,everyone
0.000000000,cheek
0.000000000,knelt
0.000000000,easy
0.000000000,jenny
0.000000000,change
0.000290529,bodies
0.000290529,barely
0.000000000,six
0.000871586,drink
0.000290529,eye
0.000000000,slut
0.000000000,perhaps
0.000000000,experience
0.001162115,desire
0.000871586,squeezing
0.000000000,lying
0.000000000,jumped
0.000000000,mr
0.000290529,teeth
0.000290529,less
0.000000000,lady
0.000000000,bar
0.000290529,corner
0.000000000,fine
0.000000000,talked
0.000000000,cold
0.000000000,cream
0.000000000,cool
0.000000000,sighed
0.000290529,played
0.000000000,david
0.000581058,wild
0.000000000,continue
0.000290529,firmly
0.000581058,loud
0.000000000,class
0.000000000,especially
0.000290529,daughter
0.000581058,telling
0.000581058,smiling
0.000000000,tears
0.000000000,peter
0.000000000,building
0.000000000,hope
0.000290529,stuck
0.000581058,locked
0.000000000,hung
0.000290529,easily
0.000000000,vibrator
0.000871586,exactly
0.000000000,window
0.001743173,size
0.000290529,except
0.000000000,wore
0.000581058,giggled
0.000000000,chris
0.000871586,kids
0.000000000,chapter
0.000000000,motion
0.000000000,wrists
0.000000000,katt
0.000000000,sam
0.000000000,thomas
0.000000000,sides
0.000000000,phone
0.000000000,robe
0.000000000,figure
0.000000000,quietly
0.000871586,base
0.000000000,ted
0.000000000,sent
0.000290529,hanging
0.000000000,released
0.000000000,line
0.000000000,thoughts
0.000000000,connie
0.000000000,bag
0.000000000,months
0.000000000,spanking
0.000871586,low
0.000000000,jerked
0.000000000,remembered
0.000000000,relaxed
0.000581058,clear
0.000581058,driving
0.000871586,damn
0.000000000,feelings
0.000000000,spoke
0.000000000,sharon
0.000000000,fall
0.000000000,broke
0.002033701,slippery
0.000290529,problem
0.000000000,male
0.000000000,fire
0.000290529,cocks
0.000000000,slip
0.000000000,return
0.000581058,fat
0.000000000,tall
0.000290529,putting
0.000000000,game
0.000000000,material
0.000871586,simply
0.000000000,shoes
0.000000000,suit
0.000000000,jill
0.000290529,thrusting
0.000000000,lisas
0.000000000,earlier
0.000000000,crying
0.000000000,swallowed
0.000000000,jane
0.000581058,scream
0.000000000,laura
0.000581058,shoved
0.000000000,rodger
0.000581058,uncle
0.000000000,plug
0.000000000,grew
0.000290529,female
0.000000000,walking
0.000000000,showing
0.000000000,sandy
0.000871586,grinned
0.000000000,family
0.000581058,expected
0.000290529,mans
0.000581058,changed
0.000581058,worry
0.000581058,blood
0.000290529,bottle
0.000000000,barbara
0.000000000,third
0.000000000,early
0.000000000,shock
0.000000000,responded
0.000290529,reaching
0.000290529,growing
0.000290529,true
0.000000000,sir
0.000000000,facing
0.000000000,exciting
0.000000000,catch
0.000290529,rose
0.000000000,number
0.000000000,shut
0.001162115,pumped
0.000000000,question
0.000000000,trouble
0.000290529,relax
0.000000000,lie
0.000000000,directly
0.000000000,punishment
0.000871586,grip
0.000000000,fear
0.000000000,certainly
0.000290529,smell
0.000000000,crazy
0.000290529,virgin
0.000000000,strap
0.000581058,drive
0.000000000,remove
0.000000000,pictures
0.000000000,tit
0.000000000,reason
0.000000000,climbed
0.000000000,nude
0.000000000,laurie
0.000290529,glass
0.000290529,movement
0.000290529,flat
0.000000000,lover
0.000000000,teasing
0.000000000,quiet
0.000290529,threw
0.000581058,squeeze
0.000000000,glad
0.000000000,embarrassed
0.000290529,chin
0.000000000,louanne
0.000000000,hall
0.000000000,center
0.000290529,caused
0.000000000,wish
0.000290529,step
0.000290529,contact
0.000000000,bikini
0.000290529,shaking
0.000000000,sensations
0.000000000,dance
0.000000000,sense
0.001743173,parted
0.000581058,spreading
0.000000000,speak
0.000581058,obvious
0.000000000,movie
0.000000000,diane
0.000000000,break
0.000000000,rear
0.000000000,dear
0.000000000,rod
0.000000000,bobby
0.000000000,uh
0.000000000,semen
0.000000000,clothing
0.000000000,thumb
0.000290529,suggested
0.000290529,stick
0.000290529,wonder
0.000000000,underwear
0.000000000,sweat
0.000000000,camera
0.000000000,ring
0.000000000,dream
0.000000000,glanced
0.000290529,dry
0.000000000,joined
0.000871586,filling
0.000000000,tammy
0.000000000,box
0.000000000,spot
0.000000000,loose
0.000290529,causing
0.000290529,clearly
0.000000000,caressing
0.000000000,tired
0.000000000,join
0.000290529,handed
0.000581058,moist
0.000000000,erotic
0.000290529,womans
0.000000000,explained
0.000290529,rock
0.000000000,paused
0.000000000,rope
0.000581058,rhythm
0.000290529,release
0.000000000,wine
0.000581058,fit
0.000290529,hardly
0.000000000,group
0.000290529,bigger
0.000000000,wave
0.000290529,gaze
0.000000000,stairs
0.000000000,follow
0.000000000,terry
0.000290529,money
0.000000000,state
0.000581058,moans
0.000290529,sudden
0.000290529,hi
0.000000000,covering
0.000000000,summer
0.000000000,picard
0.000000000,figured
0.000000000,complete
0.000000000,nervous
0.000000000,fill
0.000290529,cover
0.000000000,effect
0.000000000,coffee
0.000290529,caressed
0.000000000,picture
0.000000000,knee
0.000290529,shoot
0.001452644,delight
0.000000000,straps
0.000000000,scene
0.000000000,blond
0.000000000,underneath
0.000290529,twice
0.000000000,susie
0.000000000,steve
0.000000000,lunch
0.000000000,kisses
0.000000000,piece
0.000000000,empty
0.000290529,unable
0.000290529,slick
0.000000000,blow
0.000000000,sun
0.000000000,pick
0.000290529,exposing
0.000000000,book
0.000000000,|
0.001452644,loudly
0.000000000,kathryn
0.000290529,comfortable
0.000000000,wondering
0.000000000,cupped
0.000000000,strip
0.005229518,kid
0.000000000,happening
0.000871586,jerking
0.000581058,higher
0.000000000,sues
0.001452644,tender
0.000000000,laughing
0.000000000,gag
0.000000000,dirty
0.000000000,conversation
0.000000000,tim
0.000000000,response
0.000000000,trembling
0.000290529,till
0.001162115,delicious
0.000871586,tasted
0.000000000,private
0.000000000,oil
0.000290529,swallow
0.000000000,frank
0.000290529,pump
0.000871586,mound
0.000000000,grasped
0.000581058,fabric
0.000000000,ended
0.000290529,situation
0.000000000,silence
0.000000000,laying
0.000000000,final
0.000871586,bright
0.000000000,cup
0.000000000,satisfied
0.000000000,promise
0.000000000,deal
0.000581058,wildly
0.000000000,stayed
0.000000000,tv
0.000000000,handle
0.000000000,suzi
0.000000000,pointed
0.000000000,fantasy
0.000871586,despite
0.000290529,cute
0.000000000,nicole
0.000581058,silk
0.000000000,ellen
0.000000000,business
0.000000000,brushed
0.000871586,powerful
0.001162115,pounding
0.000000000,married
0.000000000,shocked
0.000000000,rested
0.000000000,hoped
0.000290529,burning
0.000871586,panting
0.000000000,entrance
0.000290529,warmth
0.000000000,pleased
0.001162115,twisted
0.000290529,remained
0.000871586,rapidly
0.000000000,blushed
0.000000000,serious
0.000000000,live
0.000000000,case
0.000871586,keeping
0.000000000,greg
0.000290529,expression
0.001743173,juicy
0.000871586,grin
0.000000000,pete
0.000000000,funny
0.000581058,eager
0.000000000,collapsed
0.000000000,bringing
0.000000000,store
0.000000000,perfectly
0.000000000,marie
0.000581058,glistening
0.000000000,janice
0.000000000,following
0.000000000,finish
0.000000000,captain
0.000000000,breakfast
0.000871586,experienced
0.000000000,kims
0.000290529,hoping
0.000000000,yelled
0.000000000,shaved
0.000000000,ecstasy
0.000000000,guided
0.000000000,date
0.000000000,certain
0.000000000,eagerly
0.000290529,strength
0.000000000,stockings
0.000000000,music
0.000000000,carried
0.000000000,caress
0.000000000,enter
0.000000000,darling
0.000000000,dan
0.000290529,walls
0.000000000,bound
0.000000000,power
0.000000000,kneeling
0.000000000,eating
0.000000000,busy
0.000000000,nancy
0.000000000,learn
0.000000000,realize
0.000000000,lights
0.000290529,gasp
0.000000000,sharp
0.000290529,rubber
0.000581058,jerk
0.000290529,massage
0.000000000,johnny
0.000290529,ears
0.000581058,bulge
0.000290529,stage
0.001162115,fist
0.000000000,bath
0.000000000,wrist
0.000000000,tub
0.000000000,stream
0.000000000,secret
0.000000000,resting
0.000000000,learned
0.002614759,creamy
0.000000000,teased
0.000000000,sticky
0.000000000,sleeping
0.000000000,kate
0.000000000,screaming
0.000290529,rigid
0.000000000,tent
0.000000000,daughters
0.000000000,careful
0.000000000,shooting
0.000000000,scared
0.000000000,reply
0.000290529,pace
0.000000000,lip
0.000000000,lead
0.000000000,hard-on
0.000000000,woke
0.000000000,underpants
0.003486345,twat
0.000000000,hugged
0.000000000,street
0.000000000,settled
0.000000000,grow
0.001452644,thrusts
0.000000000,stripped
0.000290529,piss
0.000000000,expect
0.000000000,reading
0.000000000,sticking
0.000000000,ride
0.000290529,revealing
0.000000000,relief
0.000000000,turns
0.000000000,slight
0.000000000,movements
0.000290529,massive
0.000000000,massaging
0.000290529,burst
0.000000000,joe
0.000000000,pay
0.000290529,limp
0.001162115,gripped
0.000000000,crawled
0.000290529,slim
0.000000000,jerry
0.001162115,quivering
0.000000000,kathy
0.000000000,groin
0.000000000,flowing
