0.011713237,said
0.015523568,cock
0.004657070,more
0.011289867,little
0.004939317,hand
0.003245837,mouth
0.002681343,felt
0.006915044,pussy
0.001834603,did
0.003386960,hands
0.004233700,body
0.002399097,face
0.005503810,legs
0.004798194,still
0.004092577,hard
0.006915044,cunt
0.001693480,eyes
0.002399097,while
0.004233700,very
0.001834603,pulled
0.002540220,right
0.001975727,didnt
0.002540220,each
0.001128987,feel
0.001693480,started
0.004092577,long
0.007479537,lips
0.000705617,room
0.002681343,thought
0.001693480,let
0.003104714,came
0.001552357,both
0.001552357,slowly
0.000987863,through
0.000141123,until
0.002257973,much
0.001975727,really
0.001411233,knew
0.005786057,fuck
0.002540220,fingers
0.002257973,never
0.002257973,hot
0.000705617,made
0.000423370,put
0.002116850,turned
0.000000000,cum
0.000987863,oh
0.000705617,left
0.000846740,breasts
0.001552357,next
0.003951454,few
0.001693480,moved
0.001270110,hair
0.005503810,girl
0.008044030,girls
0.002540220,sure
0.000705617,yes
0.000564493,reached
0.000564493,love
0.001270110,front
0.000987863,nipples
0.002257973,own
0.001552357,man
0.000705617,big
0.001270110,finally
0.002681343,where
0.002399097,saw
0.003810330,open
0.001834603,ever
0.002116850,finger
0.002822467,side
0.002963590,under
0.002822467,last
0.003528084,deep
0.001270110,tell
0.001270110,night
0.002116850,hips
0.000705617,feeling
0.001270110,woman
0.000987863,sat
0.001552357,panties
0.001693480,stood
0.001552357,found
0.001975727,small
0.000846740,every
0.000141123,dick
0.000846740,gently
0.000705617,quickly
0.003951454,tight
0.004798194,sex
0.000141123,smiled
0.001411233,tits
0.000423370,moment
0.001270110,walked
0.000564493,continued
0.000705617,pushed
0.000141123,pleasure
0.002822467,enough
0.010019757,naked
0.001975727,home
0.002540220,watched
0.002681343,fucking
0.000564493,please
0.001128987,thing
0.000141123,slid
0.000846740,minutes
0.001834603,bit
0.001693480,spread
0.001552357,opened
0.000423370,mind
0.000141123,suck
0.001834603,thighs
0.000423370,why
0.000564493,tried
0.000987863,balls
0.000000000,kiss
0.001975727,knees
0.000705617,floor
0.001975727,sucking
0.001270110,chest
0.000987863,three
0.000141123,kissed
0.001411233,stop
0.000705617,move
0.001270110,clit
0.001128987,though
0.001128987,has
0.001128987,those
0.004515947,prick
0.000705617,gave
0.001552357,feet
0.000987863,sucked
0.001411233,full
0.000564493,making
0.000846740,things
0.000705617,end
0.001693480,later
0.001552357,penis
0.000705617,trying
0.000282247,kept
0.001128987,stopped
0.001270110,warm
0.002399097,watching
0.000282247,boy
0.000282247,mom
0.000282247,should
0.001552357,lay
0.002963590,ready
0.000282247,bottom
0.000282247,must
0.000705617,close
0.002257973,fucked
0.000705617,place
0.001411233,voice
0.000141123,black
0.001834603,suddenly
0.001552357,large
0.001975727,since
0.000564493,having
0.000564493,keep
0.000846740,white
0.000141123,nice
0.003669207,pretty
0.000987863,house
0.002540220,old
0.000282247,table
0.000423370,grabbed
0.000141123,pants
0.000141123,pain
0.001411233,wide
0.000564493,boys
0.000846740,ran
0.000987863,find
0.000564493,quite
0.000000000,show
0.000423370,need
0.001128987,great
0.000423370,turn
0.001693480,might
0.000423370,skirt
0.000141123,neck
0.003810330,hole
0.000846740,part
0.000423370,hold
0.000987863,crotch
0.000705617,coming
0.000564493,water
0.000846740,closed
0.000282247,several
0.000705617,yet
0.000846740,life
0.000000000,moaned
0.000423370,licked
0.000000000,guys
0.000705617,brought
0.000987863,moving
0.000846740,second
0.000423370,rest
0.000705617,slightly
0.001128987,taking
0.000000000,debbie
0.000000000,red
0.001128987,pulling
0.000000000,skin
0.001128987,maybe
0.001128987,dress
0.000705617,completely
0.000141123,school
0.002963590,standing
0.000000000,throat
0.003104714,thick
0.000846740,breath
0.000564493,harder
0.002116850,pressed
0.000282247,position
0.001834603,lot
0.000987863,far
0.000564493,women
0.000564493,rubbed
0.000000000,nipple
0.000423370,couple
0.001975727,rubbing
0.000846740,licking
0.000705617,such
0.000141123,real
0.000564493,holding
0.000141123,baby
0.000564493,leaned
0.000282247,pull
0.000564493,realized
0.000141123,lick
0.000564493,decided
0.000705617,smile
0.000000000,mary
0.000846740,light
0.001128987,shaft
0.003245837,cindy
0.000423370,else
0.001270110,try
0.000846740,watch
0.000141123,guy
0.001693480,tip
0.000282247,replied
0.000564493,start
0.000282247,high
0.000846740,short
0.001834603,half
0.000000000,john
0.007197290,sue
0.001693480,sitting
0.000846740,morning
0.000141123,many
0.000282247,people
0.000423370,finished
0.000846740,waist
0.003386960,slipped
0.000000000,course
0.000423370,cheeks
0.000000000,susan
0.000000000,okay
0.000282247,running
0.000564493,leave
0.000846740,car
0.000141123,guess
0.000000000,lisa
0.001270110,whispered
0.000282247,hurt
0.000282247,kind
0.000000000,bra
0.000705617,fell
0.000564493,friends
0.000423370,wait
0.000000000,placed
0.001975727,pink
0.000564493,mine
0.000000000,shoulders
0.000423370,dark
0.000423370,stand
0.000423370,shirt
0.000846740,filled
0.002116850,laughed
0.001270110,thrust
0.000141123,everything
0.000141123,flesh
0.001834603,play
0.001128987,lifted
0.000564493,firm
0.000141123,called
0.000000000,linda
0.000282247,covered
0.000141123,excited
0.000141123,huge
0.000141123,yeah
0.000423370,least
0.000423370,sexual
0.000282247,sister
0.000423370,returned
0.000423370,longer
0.000846740,stroke
0.000705617,waiting
0.001128987,leg
0.000282247,may
0.001552357,gasped
0.000282247,shot
0.000000000,breast
0.000000000,set
0.001270110,shower
0.000000000,taste
0.000000000,stomach
0.000282247,remember
0.000564493,opening
0.000282247,closer
0.001834603,wife
0.001128987,caught
0.000141123,friend
0.000987863,dressed
0.000846740,ok
0.000141123,juices
0.000423370,chair
0.000987863,shorts
0.000282247,sliding
0.000846740,four
0.000141123,free
0.003245837,daddy
0.000846740,sexy
0.000000000,paul
0.000423370,length
0.000141123,story
0.000000000,talk
0.000846740,lets
0.000564493,wont
0.006632797,slit
0.000282247,removed
0.000000000,karen
0.000423370,bathroom
0.000564493,rolled
0.000564493,happened
0.000141123,sweet
0.000282247,loved
0.000846740,wonderful
0.000987863,giving
0.000141123,point
0.000423370,kissing
0.001552357,stroking
0.000141123,pushing
0.000846740,edge
0.000705617,raised
0.000987863,control
0.001552357,dropped
0.000423370,needed
0.000846740,fact
0.000987863,tightly
0.000141123,faster
0.000282247,picked
0.000000000,mark
0.000282247,probably
0.000282247,call
0.000000000,wrapped
0.001128987,fun
0.000000000,miss
0.000000000,carol
0.000564493,sight
0.000282247,moan
0.000564493,tiny
0.000000000,bad
0.000282247,followed
0.000705617,laid
0.000564493,deeper
0.000141123,dildo
0.000705617,wondered
0.000282247,stroked
0.000282247,straight
0.000282247,mike
0.000423370,minute
0.000141123,sit
0.000000000,blouse
0.000423370,talking
0.000423370,shoulder
0.000282247,different
0.001411233,stepped
0.000705617,leaving
0.000282247,lightly
0.002116850,erect
0.000282247,letting
0.000282247,hours
0.000000000,slow
0.000141123,foot
0.001834603,pair
0.000141123,words
0.000000000,load
0.000282247,jeans
0.000423370,honey
0.000282247,dave
0.000423370,care
0.001270110,stared
0.000705617,smooth
0.000423370,pee
0.003528084,vagina
0.000000000,bob
0.000987863,lost
0.000141123,couch
0.000141123,muscles
0.000564493,stay
0.000141123,squeezed
0.000000000,kim
0.000000000,breathing
0.000000000,hit
0.000282247,throbbing
0.000000000,slide
0.000000000,julie
0.000564493,enjoy
0.001552357,bare
0.000141123,cried
0.000000000,slave
0.000282247,horny
0.000846740,climax
0.000000000,bill
0.000423370,husband
0.000141123,dinner
0.000705617,playing
0.001128987,five
0.000282247,fast
0.000423370,sleep
0.000282247,feels
0.000141123,rub
0.000987863,surprised
0.000423370,past
0.000000000,juice
0.000564493,entire
0.000141123,lower
0.000141123,clean
0.000282247,strokes
0.000564493,blonde
0.000282247,ground
0.000564493,stuff
0.000282247,name
0.000282247,shook
0.000000000,tied
0.000987863,view
0.000282247,reach
0.001270110,stiff
0.000141123,clitoris
0.000564493,stretched
0.000000000,kelly
0.000282247,late
0.000000000,entered
0.001411233,pool
0.000000000,mistress
0.000705617,enjoyed
0.000000000,sensation
0.000282247,hour
0.000282247,lowered
0.000423370,jack
0.000282247,wall
0.000987863,seconds
0.000000000,janet
0.000141123,during
0.000564493,thin
0.000000000,sperm
0.000423370,perfect
0.000000000,excitement
0.000564493,lovely
0.000282247,fully
0.000282247,shit
0.000282247,moaning
0.000000000,tina
0.000282247,led
0.000000000,jim
0.000987863,ten
0.000000000,swollen
0.001411233,exposed
0.000141123,eat
0.000564493,run
0.000000000,living
0.000282247,master
0.000705617,understand
0.000987863,staring
0.000141123,blue
0.000423370,parents
0.000282247,push
0.000141123,desk
0.000423370,enjoying
0.001552357,nearly
0.000705617,dad
0.000141123,groaned
0.000423370,quick
0.000141123,deeply
0.000564493,moments
0.000000000,middle
0.000564493,surprise
0.000282247,walk
0.000000000,screamed
0.000282247,job
0.000705617,showed
0.000846740,pressing
0.000000000,jeff
0.000987863,bring
0.000000000,sensitive
0.000423370,drove
0.000564493,older
0.000282247,world
0.001552357,seat
0.000282247,pumping
0.000141123,buried
0.000705617,brown
0.000564493,near
0.000000000,read
0.000282247,pubic
0.000000000,strong
0.000846740,mirror
0.000141123,lap
0.000423370,happy
0.000000000,pressure
0.000282247,kitchen
0.000282247,special
0.000000000,sisters
0.001270110,chance
0.000282247,thigh
0.000000000,bitch
0.000141123,wrong
0.000564493,drop
0.000705617,turning
0.000141123,drew
0.000846740,erection
0.000423370,spent
0.000000000,mrs
0.000141123,gentle
0.000000000,cumming
0.000000000,strange
0.000282247,ear
0.000000000,carefully
0.000282247,word
0.000141123,cut
0.000282247,happen
0.000000000,passion
0.000282247,matter
0.000423370,crack
0.000000000,round
0.000423370,passed
0.000423370,waited
0.000423370,starting
0.000000000,jennifer
0.000141123,lust
0.002681343,party
0.000705617,managed
0.000423370,obviously
0.000000000,billy
0.000000000,cry
0.000564493,possible
0.000141123,dripping
0.000564493,everyone
0.000000000,cheek
0.000141123,knelt
0.000141123,easy
0.000000000,jenny
0.000564493,change
0.000141123,bodies
0.000423370,barely
0.000423370,six
0.000141123,drink
0.000141123,eye
0.000000000,slut
0.000846740,perhaps
0.000282247,experience
0.000000000,desire
0.000282247,squeezing
0.001411233,lying
0.000000000,jumped
0.000141123,mr
0.000141123,teeth
0.000423370,less
0.000141123,lady
0.000000000,bar
0.000141123,corner
0.001411233,fine
0.000141123,talked
0.000000000,cold
0.000000000,cream
0.000282247,cool
0.000000000,sighed
0.000987863,played
0.000000000,david
0.000564493,wild
0.000000000,continue
0.000000000,firmly
0.000000000,loud
0.000000000,class
0.000141123,especially
0.002540220,daughter
0.000282247,telling
0.000846740,smiling
0.000000000,tears
0.000000000,peter
0.000000000,building
0.000141123,hope
0.000282247,stuck
0.000141123,locked
0.000000000,hung
0.000141123,easily
0.000000000,vibrator
0.000000000,exactly
0.000000000,window
0.000000000,size
0.000282247,except
0.000282247,wore
0.001693480,giggled
0.000000000,chris
0.000282247,kids
0.000000000,chapter
0.000000000,motion
0.000000000,wrists
0.000000000,katt
0.000000000,sam
0.000000000,thomas
0.000141123,sides
0.000141123,phone
0.000000000,robe
0.000000000,figure
0.000282247,quietly
0.000000000,base
0.000000000,ted
0.000000000,sent
0.000000000,hanging
0.000141123,released
0.000000000,line
0.000141123,thoughts
0.000000000,connie
0.001270110,bag
0.000000000,months
0.000000000,spanking
0.000141123,low
0.000000000,jerked
0.000000000,remembered
0.000141123,relaxed
0.000141123,clear
0.000141123,driving
0.000141123,damn
0.000141123,feelings
0.000846740,spoke
0.000000000,sharon
0.000282247,fall
0.000000000,broke
0.001128987,slippery
0.000141123,problem
0.000141123,male
0.000141123,fire
0.000282247,cocks
0.001270110,slip
0.000000000,return
0.000705617,fat
0.000282247,tall
0.000423370,putting
0.000423370,game
0.000000000,material
0.000000000,simply
0.000282247,shoes
0.000000000,suit
0.000000000,jill
0.001128987,thrusting
0.000000000,lisas
0.000423370,earlier
0.000141123,crying
0.000000000,swallowed
0.000000000,jane
0.000000000,scream
0.000000000,laura
0.000141123,shoved
0.000000000,rodger
0.000000000,uncle
0.000141123,plug
0.000282247,grew
0.000000000,female
0.000141123,walking
0.000141123,showing
0.001128987,sandy
0.001270110,grinned
0.001128987,family
0.000000000,expected
0.000141123,mans
0.000000000,changed
0.000564493,worry
0.000000000,blood
0.000000000,bottle
0.000000000,barbara
0.000141123,third
0.000141123,early
0.000000000,shock
0.000282247,responded
0.001270110,reaching
0.000141123,growing
0.000141123,true
0.000000000,sir
0.000141123,facing
0.000282247,exciting
0.000000000,catch
0.000564493,rose
0.000141123,number
0.000141123,shut
0.000423370,pumped
0.000564493,question
0.000000000,trouble
0.000141123,relax
0.000423370,lie
0.000000000,directly
0.000000000,punishment
0.000141123,grip
0.000000000,fear
0.000141123,certainly
0.000000000,smell
0.000000000,crazy
0.000705617,virgin
0.000000000,strap
0.000705617,drive
0.000000000,remove
0.000141123,pictures
0.000141123,tit
0.000000000,reason
0.000000000,climbed
0.002257973,nude
0.000000000,laurie
0.000000000,glass
0.000564493,movement
0.000987863,flat
0.000000000,lover
0.000141123,teasing
0.000000000,quiet
0.000141123,threw
0.000141123,squeeze
0.000000000,glad
0.000000000,embarrassed
0.000141123,chin
0.000000000,louanne
0.000000000,hall
0.000141123,center
0.000000000,caused
0.000141123,wish
0.000000000,step
0.000000000,contact
0.000000000,bikini
0.000141123,shaking
0.000000000,sensations
0.000141123,dance
0.000000000,sense
0.000705617,parted
0.001128987,spreading
0.000000000,speak
0.000141123,obvious
0.000141123,movie
0.000000000,diane
0.000282247,break
0.000282247,rear
0.000141123,dear
0.000000000,rod
0.000000000,bobby
0.000000000,uh
0.002822467,semen
0.000564493,clothing
0.000000000,thumb
0.000282247,suggested
0.000141123,stick
0.000000000,wonder
0.000423370,underwear
0.000141123,sweat
0.000423370,camera
0.000564493,ring
0.000000000,dream
0.000987863,glanced
0.000000000,dry
0.000000000,joined
0.000282247,filling
0.000000000,tammy
0.000141123,box
0.000282247,spot
0.000423370,loose
0.000000000,causing
0.000705617,clearly
0.000141123,caressing
0.000000000,tired
0.000705617,join
0.000141123,handed
0.000141123,moist
0.000564493,erotic
0.000423370,womans
0.000423370,explained
0.000423370,rock
0.000000000,paused
0.000000000,rope
0.000000000,rhythm
0.000000000,release
0.000000000,wine
0.000000000,fit
0.001552357,hardly
0.002399097,group
0.000282247,bigger
0.000000000,wave
0.000000000,gaze
0.000000000,stairs
0.000141123,follow
0.000000000,terry
0.000141123,money
0.000000000,state
0.000000000,moans
0.000423370,sudden
0.000705617,hi
0.000000000,covering
0.000423370,summer
0.000000000,picard
0.000000000,figured
0.000141123,complete
0.000141123,nervous
0.000846740,fill
0.000423370,cover
0.000141123,effect
0.000141123,coffee
0.000000000,caressed
0.000000000,picture
0.000564493,knee
0.000000000,shoot
0.001128987,delight
0.000000000,straps
0.000564493,scene
0.000000000,blond
0.000000000,underneath
0.000141123,twice
0.000000000,susie
0.000141123,steve
0.000282247,lunch
0.000000000,kisses
0.000000000,piece
0.000282247,empty
0.000282247,unable
0.000282247,slick
0.000141123,blow
0.000282247,sun
0.000282247,pick
0.000423370,exposing
0.000000000,book
0.000000000,|
0.000000000,loudly
0.000000000,kathryn
0.000141123,comfortable
0.000423370,wondering
0.000282247,cupped
0.000423370,strip
0.000000000,kid
0.000282247,happening
0.000000000,jerking
0.000141123,higher
0.001128987,sues
0.000000000,tender
0.000705617,laughing
0.000000000,gag
0.000141123,dirty
0.000000000,conversation
0.000000000,tim
0.000282247,response
0.000423370,trembling
0.003669207,till
0.000282247,delicious
0.000141123,tasted
0.000141123,private
0.000000000,oil
0.000141123,swallow
0.000564493,frank
0.000000000,pump
0.001693480,mound
0.000141123,grasped
0.000000000,fabric
0.000423370,ended
0.000000000,situation
0.000000000,silence
0.000141123,laying
0.000141123,final
0.001693480,bright
0.000423370,cup
0.000000000,satisfied
0.000000000,promise
0.000141123,deal
0.000282247,wildly
0.000141123,stayed
0.000423370,tv
0.000423370,handle
0.000000000,suzi
0.000000000,pointed
0.000000000,fantasy
0.000000000,despite
0.000423370,cute
0.000000000,nicole
0.000000000,silk
0.000000000,ellen
0.000141123,business
0.000000000,brushed
0.000846740,powerful
0.000282247,pounding
0.000141123,married
0.000282247,shocked
0.000141123,rested
0.000000000,hoped
0.000000000,burning
0.000000000,panting
0.001411233,entrance
0.000282247,warmth
0.000141123,pleased
0.000141123,twisted
0.000141123,remained
0.000564493,rapidly
0.000000000,blushed
0.000423370,serious
0.000141123,live
0.000000000,case
0.000141123,keeping
0.000000000,greg
0.000000000,expression
0.000000000,juicy
0.000282247,grin
0.000000000,pete
0.000000000,funny
0.000705617,eager
0.000282247,collapsed
0.000282247,bringing
0.000141123,store
0.000000000,perfectly
0.000000000,marie
0.000000000,glistening
0.000000000,janice
0.000141123,following
0.000564493,finish
0.000000000,captain
0.000282247,breakfast
0.000141123,experienced
0.000000000,kims
0.000000000,hoping
0.000000000,yelled
0.000282247,shaved
0.000282247,ecstasy
0.000000000,guided
0.000000000,date
0.000000000,certain
0.000705617,eagerly
0.000141123,strength
0.000000000,stockings
0.000000000,music
0.000282247,carried
0.000141123,caress
0.000141123,enter
0.000282247,darling
0.000000000,dan
0.000141123,walls
0.000000000,bound
0.000141123,power
0.000846740,kneeling
0.000282247,eating
0.000141123,busy
0.000000000,nancy
0.000282247,learn
0.000000000,realize
0.000282247,lights
0.000141123,gasp
0.000000000,sharp
0.000000000,rubber
0.000423370,jerk
0.000000000,massage
0.000000000,johnny
0.000000000,ears
0.000141123,bulge
0.000000000,stage
0.000000000,fist
0.000141123,bath
0.000000000,wrist
0.000000000,tub
0.000846740,stream
0.000000000,secret
0.000846740,resting
0.000282247,learned
0.000000000,creamy
0.000000000,teased
0.000282247,sticky
0.001834603,sleeping
0.000000000,kate
0.000000000,screaming
0.000141123,rigid
0.001128987,tent
0.000987863,daughters
0.000000000,careful
0.000000000,shooting
0.000000000,scared
0.000282247,reply
0.000282247,pace
0.000000000,lip
0.000000000,lead
0.000000000,hard-on
0.000141123,woke
0.000000000,underpants
0.000000000,twat
0.000141123,hugged
0.000000000,street
0.000141123,settled
0.000000000,grow
0.000423370,thrusts
0.000564493,stripped
0.001411233,piss
0.000141123,expect
0.000000000,reading
0.000000000,sticking
0.000282247,ride
0.000282247,revealing
0.000000000,relief
0.000282247,turns
0.000282247,slight
0.000000000,movements
0.000000000,massive
0.000000000,massaging
0.000000000,burst
0.000000000,joe
0.000000000,pay
0.000000000,limp
0.000282247,gripped
0.000000000,crawled
0.000282247,slim
0.000000000,jerry
0.000564493,quivering
0.000000000,kathy
0.000000000,groin
0.000141123,flowing
