0.007423581,said
0.009170306,cock
0.010043668,more
0.018340611,little
0.003493450,hand
0.000000000,mouth
0.005240175,felt
0.009170306,pussy
0.003930131,did
0.003493450,hands
0.000000000,body
0.003056769,face
0.002183406,legs
0.004803493,still
0.005240175,hard
0.000436681,cunt
0.003056769,eyes
0.003056769,while
0.006113537,very
0.005240175,pulled
0.004803493,right
0.005676856,didnt
0.001310044,each
0.002620087,feel
0.003056769,started
0.001310044,long
0.003056769,lips
0.000000000,room
0.005676856,thought
0.004366812,let
0.006113537,came
0.002183406,both
0.002183406,slowly
0.001746725,through
0.001746725,until
0.003493450,much
0.002183406,really
0.003930131,knew
0.006986900,fuck
0.002183406,fingers
0.002620087,never
0.004366812,hot
0.005240175,made
0.002183406,put
0.001746725,turned
0.003056769,cum
0.005240175,oh
0.001746725,left
0.000436681,breasts
0.002183406,next
0.001746725,few
0.003056769,moved
0.000436681,hair
0.000436681,girl
0.000000000,girls
0.009170306,sure
0.003056769,yes
0.002183406,reached
0.002183406,love
0.000436681,front
0.001310044,nipples
0.001310044,own
0.000873362,man
0.000436681,big
0.001746725,finally
0.003930131,where
0.001310044,saw
0.000436681,open
0.006986900,ever
0.003493450,finger
0.000436681,side
0.001310044,under
0.002183406,last
0.001746725,deep
0.003056769,tell
0.000873362,night
0.002183406,hips
0.003056769,feeling
0.004366812,woman
0.000873362,sat
0.010917031,panties
0.001310044,stood
0.003930131,found
0.003056769,small
0.001310044,every
0.000000000,dick
0.002183406,gently
0.000873362,quickly
0.004366812,tight
0.003930131,sex
0.000000000,smiled
0.001310044,tits
0.000000000,moment
0.001310044,walked
0.001310044,continued
0.000873362,pushed
0.001310044,pleasure
0.002183406,enough
0.000873362,naked
0.001310044,home
0.000000000,watched
0.000873362,fucking
0.000436681,please
0.000873362,thing
0.000000000,slid
0.002183406,minutes
0.002183406,bit
0.000000000,spread
0.001746725,opened
0.002620087,mind
0.000000000,suck
0.000873362,thighs
0.003056769,why
0.001746725,tried
0.000000000,balls
0.000436681,kiss
0.000000000,knees
0.000000000,floor
0.000000000,sucking
0.000873362,chest
0.000000000,three
0.000000000,kissed
0.000436681,stop
0.000873362,move
0.003493450,clit
0.000436681,though
0.002620087,has
0.002620087,those
0.000000000,prick
0.002183406,gave
0.000000000,feet
0.000000000,sucked
0.001310044,full
0.003056769,making
0.004366812,things
0.001310044,end
0.000436681,later
0.000436681,penis
0.000436681,trying
0.000436681,kept
0.001746725,stopped
0.000436681,warm
0.000436681,watching
0.000000000,boy
0.000000000,mom
0.002620087,should
0.000000000,lay
0.000873362,ready
0.000000000,bottom
0.000873362,must
0.003056769,close
0.000000000,fucked
0.001310044,place
0.001746725,voice
0.003056769,black
0.000000000,suddenly
0.000436681,large
0.000873362,since
0.005676856,having
0.001310044,keep
0.001746725,white
0.003930131,nice
0.001746725,pretty
0.000436681,house
0.000436681,old
0.002620087,table
0.002183406,grabbed
0.001310044,pants
0.000000000,pain
0.000000000,wide
0.000000000,boys
0.000000000,ran
0.000436681,find
0.002183406,quite
0.002183406,show
0.000873362,need
0.000436681,great
0.000436681,turn
0.000436681,might
0.003930131,skirt
0.000000000,neck
0.001746725,hole
0.000873362,part
0.000436681,hold
0.001746725,crotch
0.000436681,coming
0.000000000,water
0.003493450,closed
0.000436681,several
0.000873362,yet
0.001746725,life
0.000436681,moaned
0.000436681,licked
0.000000000,guys
0.001746725,brought
0.001310044,moving
0.000873362,second
0.002183406,rest
0.000873362,slightly
0.001310044,taking
0.000000000,debbie
0.000436681,red
0.000436681,pulling
0.000000000,skin
0.000436681,maybe
0.001746725,dress
0.000873362,completely
0.000000000,school
0.000436681,standing
0.000000000,throat
0.000000000,thick
0.000000000,breath
0.001746725,harder
0.000000000,pressed
0.002620087,position
0.000436681,lot
0.001310044,far
0.003056769,women
0.000436681,rubbed
0.000436681,nipple
0.000873362,couple
0.001746725,rubbing
0.000000000,licking
0.000000000,such
0.000873362,real
0.000873362,holding
0.000000000,baby
0.000873362,leaned
0.001746725,pull
0.000436681,realized
0.000873362,lick
0.000436681,decided
0.000873362,smile
0.000000000,mary
0.001310044,light
0.001310044,shaft
0.000000000,cindy
0.000000000,else
0.000873362,try
0.000873362,watch
0.000000000,guy
0.001310044,tip
0.000436681,replied
0.000000000,start
0.000436681,high
0.000000000,short
0.001746725,half
0.000000000,john
0.000000000,sue
0.001746725,sitting
0.000436681,morning
0.001310044,many
0.000436681,people
0.000436681,finished
0.001746725,waist
0.000873362,slipped
0.000873362,course
0.001746725,cheeks
0.000000000,susan
0.000000000,okay
0.001310044,running
0.001746725,leave
0.000000000,car
0.001310044,guess
0.000000000,lisa
0.000873362,whispered
0.000873362,hurt
0.000873362,kind
0.000436681,bra
0.000000000,fell
0.000000000,friends
0.000436681,wait
0.000873362,placed
0.000436681,pink
0.000000000,mine
0.000873362,shoulders
0.000000000,dark
0.000873362,stand
0.000000000,shirt
0.000873362,filled
0.000000000,laughed
0.000436681,thrust
0.001746725,everything
0.000000000,flesh
0.000873362,play
0.000873362,lifted
0.002183406,firm
0.000000000,called
0.000000000,linda
0.001310044,covered
0.001310044,excited
0.000000000,huge
0.000873362,yeah
0.001310044,least
0.003056769,sexual
0.000000000,sister
0.001746725,returned
0.000000000,longer
0.000000000,stroke
0.000873362,waiting
0.000000000,leg
0.000000000,may
0.000436681,gasped
0.000000000,shot
0.000873362,breast
0.000000000,set
0.000000000,shower
0.000873362,taste
0.000000000,stomach
0.002183406,remember
0.000000000,opening
0.000000000,closer
0.000000000,wife
0.001746725,caught
0.000436681,friend
0.000436681,dressed
0.000436681,ok
0.000436681,juices
0.003056769,chair
0.000000000,shorts
0.000000000,sliding
0.000000000,four
0.001746725,free
0.000000000,daddy
0.001746725,sexy
0.000000000,paul
0.001746725,length
0.003056769,story
0.001746725,talk
0.000873362,lets
0.000873362,wont
0.000436681,slit
0.000436681,removed
0.000000000,karen
0.000000000,bathroom
0.000436681,rolled
0.001310044,happened
0.001310044,sweet
0.000873362,loved
0.000873362,wonderful
0.000436681,giving
0.004366812,point
0.000000000,kissing
0.000873362,stroking
0.000873362,pushing
0.000873362,edge
0.000000000,raised
0.003493450,control
0.000000000,dropped
0.001746725,needed
0.000873362,fact
0.000000000,tightly
0.001310044,faster
0.001746725,picked
0.000000000,mark
0.000000000,probably
0.000000000,call
0.000436681,wrapped
0.000873362,fun
0.000000000,miss
0.000000000,carol
0.000873362,sight
0.001310044,moan
0.000000000,tiny
0.000436681,bad
0.000000000,followed
0.000000000,laid
0.000000000,deeper
0.000000000,dildo
0.000436681,wondered
0.000436681,stroked
0.000873362,straight
0.000000000,mike
0.000873362,minute
0.001746725,sit
0.001310044,blouse
0.000000000,talking
0.000000000,shoulder
0.000873362,different
0.000436681,stepped
0.000000000,leaving
0.000436681,lightly
0.000873362,erect
0.000436681,letting
0.000436681,hours
0.001310044,slow
0.000000000,foot
0.003930131,pair
0.000436681,words
0.000000000,load
0.000436681,jeans
0.000000000,honey
0.000000000,dave
0.000436681,care
0.000000000,stared
0.001310044,smooth
0.000000000,pee
0.000873362,vagina
0.000000000,bob
0.000000000,lost
0.000000000,couch
0.000873362,muscles
0.000000000,stay
0.000000000,squeezed
0.000000000,kim
0.000436681,breathing
0.000436681,hit
0.000000000,throbbing
0.000000000,slide
0.000000000,julie
0.001746725,enjoy
0.000873362,bare
0.000000000,cried
0.000000000,slave
0.000000000,horny
0.000873362,climax
0.000000000,bill
0.000000000,husband
0.000000000,dinner
0.000000000,playing
0.000873362,five
0.000436681,fast
0.000000000,sleep
0.000436681,feels
0.000436681,rub
0.000000000,surprised
0.000436681,past
0.000000000,juice
0.000436681,entire
0.000000000,lower
0.000436681,clean
0.000436681,strokes
0.000436681,blonde
0.000000000,ground
0.000000000,stuff
0.000873362,name
0.000000000,shook
0.000000000,tied
0.001310044,view
0.000000000,reach
0.000436681,stiff
0.000000000,clitoris
0.000000000,stretched
0.000000000,kelly
0.000873362,late
0.000000000,entered
0.000000000,pool
0.000000000,mistress
0.000436681,enjoyed
0.000436681,sensation
0.001310044,hour
0.000000000,lowered
0.000000000,jack
0.000000000,wall
0.000000000,seconds
0.000000000,janet
0.000436681,during
0.000000000,thin
0.000000000,sperm
0.000436681,perfect
0.002183406,excitement
0.001746725,lovely
0.000436681,fully
0.000436681,shit
0.000000000,moaning
0.000000000,tina
0.000000000,led
0.000000000,jim
0.000436681,ten
0.000873362,swollen
0.000000000,exposed
0.000000000,eat
0.000436681,run
0.000000000,living
0.000436681,master
0.000436681,understand
0.000000000,staring
0.000000000,blue
0.000000000,parents
0.000000000,push
0.005676856,desk
0.001310044,enjoying
0.000436681,nearly
0.000000000,dad
0.000000000,groaned
0.000436681,quick
0.000873362,deeply
0.000436681,moments
0.000873362,middle
0.000000000,surprise
0.000436681,walk
0.000000000,screamed
0.000436681,job
0.000436681,showed
0.000436681,pressing
0.000000000,jeff
0.000000000,bring
0.000436681,sensitive
0.001746725,drove
0.000000000,older
0.000873362,world
0.000000000,seat
0.000436681,pumping
0.000000000,buried
0.000000000,brown
0.000873362,near
0.002183406,read
0.000436681,pubic
0.000000000,strong
0.000000000,mirror
0.000000000,lap
0.000000000,happy
0.000000000,pressure
0.000000000,kitchen
0.000436681,special
0.000000000,sisters
0.000000000,chance
0.000000000,thigh
0.000000000,bitch
0.000000000,wrong
0.000000000,drop
0.000436681,turning
0.000000000,drew
0.001310044,erection
0.000000000,spent
0.000000000,mrs
0.000436681,gentle
0.001310044,cumming
0.000436681,strange
0.001746725,ear
0.000000000,carefully
0.000436681,word
0.000436681,cut
0.000873362,happen
0.000873362,passion
0.000436681,matter
0.000000000,crack
0.000000000,round
0.000436681,passed
0.000436681,waited
0.000436681,starting
0.000000000,jennifer
0.001310044,lust
0.000000000,party
0.000436681,managed
0.000000000,obviously
0.000000000,billy
0.000000000,cry
0.002183406,possible
0.000873362,dripping
0.000000000,everyone
0.000436681,cheek
0.000000000,knelt
0.001310044,easy
0.000000000,jenny
0.000873362,change
0.000436681,bodies
0.000000000,barely
0.000000000,six
0.000000000,drink
0.000000000,eye
0.000000000,slut
0.000000000,perhaps
0.001310044,experience
0.000000000,desire
0.000000000,squeezing
0.000000000,lying
0.000000000,jumped
0.000000000,mr
0.000000000,teeth
0.000436681,less
0.000000000,lady
0.000000000,bar
0.000436681,corner
0.001310044,fine
0.000000000,talked
0.000000000,cold
0.000000000,cream
0.000000000,cool
0.000000000,sighed
0.000000000,played
0.000000000,david
0.000000000,wild
0.001310044,continue
0.000873362,firmly
0.000000000,loud
0.000000000,class
0.000000000,especially
0.000000000,daughter
0.000873362,telling
0.000000000,smiling
0.000000000,tears
0.000000000,peter
0.000436681,building
0.000436681,hope
0.000000000,stuck
0.000000000,locked
0.000000000,hung
0.000000000,easily
0.000000000,vibrator
0.000000000,exactly
0.000436681,window
0.001310044,size
0.000000000,except
0.000000000,wore
0.000000000,giggled
0.000000000,chris
0.000000000,kids
0.000000000,chapter
0.000436681,motion
0.000000000,wrists
0.000000000,katt
0.000000000,sam
0.000000000,thomas
0.001310044,sides
0.000000000,phone
0.000000000,robe
0.000873362,figure
0.000000000,quietly
0.000000000,base
0.000000000,ted
0.000000000,sent
0.000000000,hanging
0.000000000,released
0.000000000,line
0.001746725,thoughts
0.000000000,connie
0.000000000,bag
0.000000000,months
0.000000000,spanking
0.000436681,low
0.000000000,jerked
0.000436681,remembered
0.000000000,relaxed
0.000000000,clear
0.000436681,driving
0.000436681,damn
0.000000000,feelings
0.000436681,spoke
0.000000000,sharon
0.000000000,fall
0.000000000,broke
0.000000000,slippery
0.000000000,problem
0.000000000,male
0.000000000,fire
0.000000000,cocks
0.000873362,slip
0.000873362,return
0.000000000,fat
0.000000000,tall
0.000436681,putting
0.000000000,game
0.001746725,material
0.000000000,simply
0.000436681,shoes
0.000873362,suit
0.000000000,jill
0.000436681,thrusting
0.000000000,lisas
0.000436681,earlier
0.000000000,crying
0.000000000,swallowed
0.000000000,jane
0.000000000,scream
0.000000000,laura
0.000000000,shoved
0.000000000,rodger
0.000000000,uncle
0.000000000,plug
0.000436681,grew
0.000000000,female
0.000873362,walking
0.000436681,showing
0.000000000,sandy
0.000000000,grinned
0.000000000,family
0.000436681,expected
0.000436681,mans
0.000436681,changed
0.000000000,worry
0.000436681,blood
0.000000000,bottle
0.019213974,barbara
0.000000000,third
0.000000000,early
0.000000000,shock
0.000000000,responded
0.000000000,reaching
0.000436681,growing
0.000436681,true
0.000000000,sir
0.000000000,facing
0.000873362,exciting
0.000436681,catch
0.000000000,rose
0.000000000,number
0.000436681,shut
0.000000000,pumped
0.000000000,question
0.000000000,trouble
0.000000000,relax
0.000000000,lie
0.000000000,directly
0.000000000,punishment
0.000873362,grip
0.000000000,fear
0.000000000,certainly
0.000000000,smell
0.000873362,crazy
0.000000000,virgin
0.000000000,strap
0.000873362,drive
0.001746725,remove
0.000000000,pictures
0.000436681,tit
0.000000000,reason
0.000000000,climbed
0.000000000,nude
0.000000000,laurie
0.000000000,glass
0.000000000,movement
0.000000000,flat
0.000000000,lover
0.000436681,teasing
0.000000000,quiet
0.000436681,threw
0.000000000,squeeze
0.000000000,glad
0.000436681,embarrassed
0.000000000,chin
0.000000000,louanne
0.000000000,hall
0.000436681,center
0.000000000,caused
0.000000000,wish
0.000000000,step
0.000000000,contact
0.000000000,bikini
0.000000000,shaking
0.000873362,sensations
0.000000000,dance
0.000000000,sense
0.000436681,parted
0.000436681,spreading
0.000000000,speak
0.000000000,obvious
0.000000000,movie
0.000000000,diane
0.000436681,break
0.000000000,rear
0.000000000,dear
0.000000000,rod
0.000000000,bobby
0.000000000,uh
0.000000000,semen
0.000436681,clothing
0.000436681,thumb
0.000000000,suggested
0.000000000,stick
0.000436681,wonder
0.001746725,underwear
0.000000000,sweat
0.000000000,camera
0.000000000,ring
0.000436681,dream
0.000000000,glanced
0.000000000,dry
0.000000000,joined
0.000436681,filling
0.000000000,tammy
0.002620087,box
0.000436681,spot
0.000000000,loose
0.000000000,causing
0.000000000,clearly
0.000436681,caressing
0.000000000,tired
0.000436681,join
0.000000000,handed
0.000000000,moist
0.001310044,erotic
0.000000000,womans
0.000000000,explained
0.000436681,rock
0.000000000,paused
0.000000000,rope
0.000000000,rhythm
0.000436681,release
0.000000000,wine
0.000873362,fit
0.000000000,hardly
0.000000000,group
0.000000000,bigger
0.001310044,wave
0.000000000,gaze
0.000000000,stairs
0.000873362,follow
0.000000000,terry
0.000000000,money
0.000000000,state
0.000873362,moans
0.000436681,sudden
0.001310044,hi
0.000000000,covering
0.000000000,summer
0.000000000,picard
0.000873362,figured
0.000436681,complete
0.001746725,nervous
0.000000000,fill
0.000000000,cover
0.000000000,effect
0.000000000,coffee
0.000436681,caressed
0.000000000,picture
0.000000000,knee
0.000000000,shoot
0.000000000,delight
0.000000000,straps
0.000000000,scene
0.000000000,blond
0.000000000,underneath
0.000000000,twice
0.000000000,susie
0.000000000,steve
0.003056769,lunch
0.000873362,kisses
0.000000000,piece
0.000000000,empty
0.000000000,unable
0.000436681,slick
0.000000000,blow
0.000000000,sun
0.001746725,pick
0.000873362,exposing
0.000000000,book
0.000000000,|
0.000000000,loudly
0.000000000,kathryn
0.001746725,comfortable
0.000000000,wondering
0.000000000,cupped
0.000000000,strip
0.000000000,kid
0.000436681,happening
0.000436681,jerking
0.000000000,higher
0.000000000,sues
0.000000000,tender
0.000000000,laughing
0.000000000,gag
0.000436681,dirty
0.000000000,conversation
0.000000000,tim
0.001310044,response
0.000436681,trembling
0.000000000,till
0.000000000,delicious
0.000436681,tasted
0.000000000,private
0.000000000,oil
0.000000000,swallow
0.000000000,frank
0.000436681,pump
0.000000000,mound
0.000000000,grasped
0.000000000,fabric
0.000000000,ended
0.000873362,situation
0.000000000,silence
0.000000000,laying
0.000436681,final
0.000000000,bright
0.000000000,cup
0.000436681,satisfied
0.000873362,promise
0.000000000,deal
0.000000000,wildly
0.000000000,stayed
0.000000000,tv
0.000873362,handle
0.000000000,suzi
0.000000000,pointed
0.002183406,fantasy
0.000000000,despite
0.000000000,cute
0.000000000,nicole
0.004366812,silk
0.000000000,ellen
0.000000000,business
0.000000000,brushed
0.000000000,powerful
0.000873362,pounding
0.000000000,married
0.000000000,shocked
0.000000000,rested
0.000436681,hoped
0.000000000,burning
0.000000000,panting
0.000000000,entrance
0.000000000,warmth
0.000873362,pleased
0.000000000,twisted
0.000000000,remained
0.000000000,rapidly
0.000000000,blushed
0.000000000,serious
0.000000000,live
0.000000000,case
0.000000000,keeping
0.000000000,greg
0.000000000,expression
0.000000000,juicy
0.000000000,grin
0.000000000,pete
0.000000000,funny
0.000436681,eager
0.000000000,collapsed
0.000436681,bringing
0.002620087,store
0.000436681,perfectly
0.000000000,marie
0.000000000,glistening
0.000000000,janice
0.000000000,following
0.000000000,finish
0.000000000,captain
0.000000000,breakfast
0.000000000,experienced
0.000000000,kims
0.000873362,hoping
0.000000000,yelled
0.000873362,shaved
0.000873362,ecstasy
0.000000000,guided
0.000000000,date
0.000000000,certain
0.000000000,eagerly
0.000436681,strength
0.001310044,stockings
0.000000000,music
0.000000000,carried
0.000436681,caress
0.000000000,enter
0.000000000,darling
0.000000000,dan
0.000000000,walls
0.000000000,bound
0.000436681,power
0.000000000,kneeling
0.000873362,eating
0.000000000,busy
0.000000000,nancy
0.000000000,learn
0.000000000,realize
0.000000000,lights
0.000000000,gasp
0.000000000,sharp
0.000000000,rubber
0.000000000,jerk
0.000000000,massage
0.000000000,johnny
0.000000000,ears
0.000436681,bulge
0.000000000,stage
0.000000000,fist
0.000000000,bath
0.000000000,wrist
0.000000000,tub
0.000000000,stream
0.002620087,secret
0.001310044,resting
0.000000000,learned
0.000000000,creamy
0.000000000,teased
0.000000000,sticky
0.000000000,sleeping
0.000000000,kate
0.000436681,screaming
0.000000000,rigid
0.000000000,tent
0.000000000,daughters
0.000000000,careful
0.000000000,shooting
0.000000000,scared
0.000000000,reply
0.001310044,pace
0.000000000,lip
0.000000000,lead
0.000000000,hard-on
0.000000000,woke
0.000000000,underpants
0.000000000,twat
0.000000000,hugged
0.000000000,street
0.000000000,settled
0.000000000,grow
0.000436681,thrusts
0.000000000,stripped
0.000000000,piss
0.000436681,expect
0.000436681,reading
0.000000000,sticking
0.000000000,ride
0.000000000,revealing
0.000000000,relief
0.000436681,turns
0.000000000,slight
0.000000000,movements
0.000000000,massive
0.000000000,massaging
0.000436681,burst
0.000000000,joe
0.000000000,pay
0.000436681,limp
0.000000000,gripped
0.000000000,crawled
0.000000000,slim
0.000000000,jerry
0.000000000,quivering
0.000000000,kathy
0.000000000,groin
0.000436681,flowing
